119,Addax_nasomaculatus,Dasyprocta_leporina,Chaetophractus_villosus,Artibeus_jamaicensis,Asellia_tridens,Aonyx_cinerea,Papio_hamadryas,Cervus_elaphus,Aepyprymnus_rufescens,Vulpes_cana,Nannospalax_ehrenbergi,Tursiops_truncatus,Eulemur_fulvus,Capra_nubiana,Cebus_olivaceus,Hydrochoerus_hydrochaeris,Caracal_caracal,Carollia_perspicillata,Felis_catus,Sciurus_anomalus,Chaerephon_plicatus,Pan_troglodytes,Chinchilla_lanigera,Axis_axis,Colobus_guereza,Vulpes_vulpes,Erinaceus_concolor,Tupaia_glis,Bos_taurus,Myocastor_coypus,Cynopterus_brachyotis,Octodon_degus,Madoqua_kirkii,Equus_asinus,Eonycteris_spelaea,Eptesicus_fuscus,Dama_dama,Vulpes_zerda,Mustela_putorius,Rousettus_aegyptiacus,Giraffa_camelopardalis,Capra_aegagrus,Acomys_russatus,Gorilla_gorilla,Macropus_giganteus,Chlorocebus_aethiops,Lepus_timidus,Ursus_thibetanus,Hipposideros_armiger,Mellivora_capensis,Equus_caballus,Alouatta_caraya,Homo_sapiens,Hyaena_hyaena,Procavia_capensis,Axis_porcinus,Felis_chaus,Phascolarctos_cinereus,Lama_glama,Lemur_catta,Panthera_pardus,Lycaon_pictus,Macaca_fascicularis,Macaca_nigra,Macaca_silenus,Macaca_leonina,Mandrillus_sphinx,Lophocebus_albigena,Dolichotis_patagonum,Callithrix_pygmaea,Suricata_suricatta,Meriones_tristrami,Miniopterus_schreibersii,Herpestes_ichneumon,Mus_musculus,Myotis_emarginatus,Myotis_myotis,Myotis_vivesi,Nasua_nasua,Equus_hemionus,Pongo_abelii,Oryx_leucoryx,Lutra_lutra,Funambulus_pennantii,Pecari_tajacu,Pipistrellus_kuhlii,Hystrix_indica,Cynomys_ludovicianus,Pteropus_lylei,Oryctolagus_cuniculus,Rattus_norvegicus,Macropus_rufus,Macropus_parryi,Ailurus_fulgens,Rhinolophus_ferrumequinum,Rhinopoma_microphyllum,Felis_margarita,Hemiechinus_auritus,Ovis_aries,Symphalangus_syndactylus,Cavia_porcellus,Acomys_cahirinus,Saimiri_sciureus,Stenella_coeruleoalba,Sturnira_lilium,Tadarida_teniotis,Saguinus_oedipus,Saguinus_imperator,Saguinus_midas,Tapirus_terrestris,Eudorcas_thomsonii,Panthera_tigris,Desmodus_rotundus,Chlorocebus_pygerythrus,Microtus_guentheri,Sus_scrofa,Connochaetes_taurinus,Canis_lupus,Equus_burchellii
Addax_nasomaculatus,0.0,74.72539612606332,70.07846319842491,77.77463859604333,73.46331765240643,63.7164443566768,72.54944432492076,78.67118558650316,69.77344362285538,68.86188669082662,76.50712387952919,76.3522223524668,68.33568759933058,65.6990104866636,71.79885680170253,69.234361604648,74.00545111283148,72.02662349657967,67.83370868290812,71.97429295760125,80.79346135666394,78.51387603370117,77.74732800017512,65.0245289146781,71.7261255748077,78.8795241769653,73.45154507446563,71.28565253863081,76.31940886082157,74.96424945704399,77.10021665511235,73.53305873467318,67.0855893245637,77.92719172100267,76.23751403238084,77.86553304052448,65.31918000526362,68.35805223489518,67.64885722192594,70.89720446995861,76.00213931091828,66.86956616047281,77.61078091384726,78.89068734225302,72.12198521981148,76.82997251347822,67.48758878581614,71.40379303998368,79.83143481521857,68.37777357560012,75.2548227039412,75.49182059378637,69.79281973458394,67.1917300820223,65.42437053167069,66.69566225970995,68.88496769348019,84.46213063858676,76.55926269091904,66.8541532734976,70.67585415511266,65.97556434837027,71.54229703030508,69.98980702646955,75.7415884806686,71.05994543543653,74.99024065451134,71.81933246626761,68.96460276450051,70.37153583979273,68.4718701019062,75.77538434753319,75.00644968391447,69.85376422541455,70.69095290315731,84.97609676118347,77.78075743140874,77.69392392850469,69.12326409483374,75.90329089523814,76.31557172163438,67.26041938929856,65.70812365638223,72.78614382008102,68.00349586185695,78.28063588943212,74.96262126027868,75.16430215412471,73.76178587641954,76.32330400469516,75.77978528149161,68.84098959342924,71.59371819310645,66.9094165621969,70.02377054454041,72.3475986702617,71.05069714162505,78.43496784797932,68.18177340567205,76.88638117710265,74.42133069075825,78.30430151582556,77.54486126778998,76.3345688853095,78.27427395488208,78.0980076534626,70.93566666545294,70.93276939648862,81.0018543260584,74.57418460855763,60.614239188217844,74.80562594101912,77.5164328278556,68.63675505587828,77.30621653508018,66.35230569895117,71.56701266884254,69.45425071160803,78.428234022303
Dasyprocta_leporina,74.72539612606332,0.0,77.04775366032491,79.96973717491491,81.21195933362732,71.18220283570592,77.98527957779163,78.83263687409737,73.37750680985206,72.29122921145103,76.31667550633857,80.94334247816879,71.84466166927434,72.53257590128428,74.52806327640774,65.2793896234052,74.8596603921475,75.48558113532798,73.03385600634327,80.0781752758843,80.17701209274492,79.53178721419323,72.45962078727524,74.91328863214082,78.72982562538448,76.17832435214855,76.04140992124388,68.28597843432229,78.74650712547793,69.54397325988046,76.55027762081153,71.59652117366143,72.94305213084672,77.47113372372101,74.4958827650681,80.2856107670251,76.23138437704354,70.73094109545545,74.90088525733266,71.37365357826059,75.68463216349535,73.59365966051887,73.5968251916167,78.00650206779724,76.19223513710551,76.50342999085493,66.32831874597085,81.11215602531414,77.2045582926188,73.30446215946327,78.20829259805743,77.33806347670735,79.67176086821306,75.76213479699884,71.38947448423454,69.33000948328225,76.55642123596243,78.49108862409673,78.33170894462762,74.1556089170538,75.72015612437923,74.47474394758835,76.66208276724593,74.46365231504754,79.08036464513611,78.31933689078033,77.23765642572694,77.61474726614209,65.43783055524327,72.36759188705997,73.07030279466512,73.41390753546364,75.94270845615188,78.65017003676252,73.3220493232327,91.06189752502377,77.50100701955306,74.64745112750333,76.20949830371545,79.98849016358659,80.18525726904652,74.3390367207586,72.23283638270746,73.20120903639076,75.39759916575065,82.88616215460054,71.15133018140423,69.0334600306524,68.99998603592815,82.5874465767175,75.21159256753745,74.72472884463589,75.3460487989621,75.74844710651027,77.89966872383684,73.57353351810019,76.77931585634998,75.05014821692752,74.10564099826907,76.63209656123311,70.82320284205636,75.56627833516015,76.89629079683691,80.46565535707154,77.48220232730307,77.35046974693145,73.82392623538081,74.501047174854,74.1744678834303,75.41939570734321,72.32084617706069,78.04755531821729,77.38827610260368,78.15151398121756,77.72369144986598,75.9272558450333,78.81081872238524,74.64507584581503,79.71549205091235
Chaetophractus_villosus,70.07846319842491,77.04775366032491,0.0,75.6871016370063,56.836436875279986,68.67654426675854,79.05540118750721,78.07923288858564,70.04713531438802,75.6401111505125,71.55371234938568,72.71446831248359,72.37532481334496,73.61515771258365,74.06671232590112,74.30155495775885,75.20351406473468,63.168623051800196,72.50156971484165,74.17164092370774,71.90979299705086,76.75803621515155,71.87159584372105,73.97857661883873,82.62071056465852,84.3325993611102,68.76230662334869,67.89487804459307,73.09761569107519,75.79160832077494,77.44587222554394,71.3391374438996,67.3602229378236,80.43217605351018,73.28750400830762,71.47270865269302,74.45997758418166,76.57286790868248,65.63190678810003,70.10389672003048,74.21063947101713,74.01191592537316,72.91789004317454,72.10953608615472,75.07859797501446,71.74101600141175,73.24147200729338,77.36527891090039,74.79084242875528,60.787648169421644,76.4702222722139,76.07307380113969,75.20437548909197,71.96979445314227,69.65337407319365,70.43497682502326,71.25321451826635,76.70434746287151,82.30772783032506,70.11559617875481,75.38814021495537,74.00478207035579,75.63397753870322,77.62224079649047,79.75011298146964,79.51225198241347,77.62492093454969,78.8785169454059,74.92149482324976,73.56163652025681,70.58172972806884,71.80706019635824,66.33673285942889,71.48514463841634,63.286778050438386,61.36933300531146,69.73923033728335,65.65877904388799,72.48468071629418,81.24545246446799,76.9483864263053,72.94738601490224,67.49343175453095,59.4037681737774,73.43396759894677,64.66790962405318,78.22897682825429,69.88013342211653,76.9531318685228,76.28216060046623,71.76833834382226,71.0389560737666,79.30205556357137,74.30623939047118,62.7156169232815,65.46839403705688,72.99259007825367,66.66378765652233,75.4755306690306,77.8963318487162,76.41355139875307,75.09521490638124,73.98086243751294,72.9252574401247,76.40500604434423,65.63153966411016,74.29442512010428,70.20750495004475,74.87769098529671,78.32271389366252,71.35065813603433,74.91365280984061,74.61497119308139,78.49496692994636,68.96403422530119,72.55653081885069,67.27079258434858,72.86313566483766,81.35227695300239
Artibeus_jamaicensis,77.77463859604333,79.96973717491491,75.6871016370063,0.0,82.23558351457115,78.73490777082432,81.76580365689995,86.43167609035035,72.93661372524575,76.16092288927229,73.31340726564767,83.04084581527181,76.08628645745604,78.19240489933291,79.77232780751193,80.81476878044292,79.0864920931389,69.2681006113954,78.1396048215491,81.56255830508601,74.27883240699853,82.88467238657995,70.75034509660202,78.57428072151639,77.47375247284086,81.82705125510364,73.0786202405606,75.52045167936892,78.26545721640235,77.63635880958242,75.69150218009804,70.73248773287156,75.1126712886081,84.58101087887209,71.34991394487791,76.64586055175177,78.72266534086397,74.77238789249435,73.37486860091511,72.79016243337651,86.26599613479425,77.48169493548787,76.30372050636649,81.78434120238985,80.11509198504544,74.99088079356639,73.31077688576327,84.31428824517941,77.02878066357422,76.1811888715217,82.48246850373098,75.21683632485139,82.31785697781258,75.43789322524127,75.46100499051192,71.39107794421994,70.58726596014412,75.384616345868,85.07196134107674,78.71944161947287,79.74109329415975,77.31013187717234,79.50880215137019,80.23933854646627,83.17829530793996,80.13970816091361,76.45127319141315,79.66057816354554,77.19776336191468,76.67723562088466,75.3921479210532,72.71673802319326,71.9730004909599,78.86875373399415,75.47095230611934,87.97132570444484,71.66854734958937,82.78987612675967,79.4799724007775,83.89091590651921,84.33344633088821,77.4937593037872,76.29013269966653,71.11965270368552,78.13057032009876,84.11586989484843,79.85351261246873,69.21576882683658,74.22766878777878,79.03456652649953,75.04254163486567,77.52351249538289,77.5253042765006,80.36877759507146,80.5773615734867,70.58098236950683,75.1464123652673,76.72862569736355,77.63329786509098,75.67496718053448,74.71344330996163,71.34639083855907,80.32261837126165,85.79831422810179,65.2536949121816,77.66707064278472,78.30635454991709,78.53301268065809,73.75204358572104,80.48960166774185,77.305860953864,83.50429503617916,72.07929615066544,81.05409965072542,70.8794105719804,76.19792465444121,79.31240078407836,76.49980013509183,78.36573014282415
Asellia_tridens,73.46331765240643,81.21195933362732,56.836436875279986,82.23558351457115,0.0,63.802550415773105,78.57455461924907,72.70469971207794,72.09329508030426,74.81612923358126,73.79126541837462,66.77775026250131,73.53207811643955,74.19239392540001,72.87587581138042,77.8444659151927,77.23691993715127,62.878576612704315,74.59116892121305,76.21794416112274,70.06070158303697,78.84173483823372,71.12281352783769,76.92218821720016,81.7899358692431,84.2382776215855,71.24966666416272,71.96757583078329,69.43027001459842,78.230021017703,77.79130828189653,72.59963920880853,68.22823642061519,83.90154534521417,74.4016631363946,67.48739825525715,77.31852768852185,74.04500796410595,63.89003316659406,72.5768861305072,70.99437349044207,75.0553361158128,77.05990419508493,68.0346796871299,79.99931156606675,69.70823859760388,72.63406538754137,72.61979790841444,78.78448841130623,62.672324686106755,72.98590081973802,76.07807767970803,74.59758512918849,74.9016746757974,71.14704992190529,75.71270789531931,74.1059662769815,80.51804302045957,77.04844205019894,70.99000429923225,75.61821993270011,76.50734486466253,78.16006297864956,75.84415153799245,79.28959252699477,78.02173003993718,80.44834150685155,76.24143042149316,74.36570396660767,74.40202836440191,71.58779087701903,75.60142780612581,61.85885250043944,71.87845849463673,67.86301318583062,52.48700399035448,64.17145761356328,67.19734505435582,71.69231209377985,82.60712374086356,72.9138957340276,73.85266511441989,66.13925998675118,63.462627205098244,75.14267546563565,54.53534183211475,79.42953345602403,72.57929849650284,83.60130603911253,74.21094368524689,75.66349542692706,74.10866856592465,81.5183016586279,77.2704576231487,57.975932959959536,66.7804076155872,76.60680198016598,70.72439244704555,71.9976738490137,74.77568165312309,76.98431299327319,79.12266293685842,74.44198662242428,68.08518323970901,79.83472802074209,64.32563569364659,76.66340517224077,68.29897976325057,77.52793077401243,79.3779212936905,75.86435171992731,68.98054043512076,74.27191764329578,76.69543434046808,72.08950795240354,75.4889063169266,68.51818294092762,76.05879587408978,83.68415029118114
Aonyx_cinerea,63.7164443566768,71.18220283570592,68.67654426675854,78.73490777082432,63.802550415773105,0.0,71.29497424892028,66.47882208813537,69.64522122165441,62.06987140383124,69.91010160016302,68.02837271769852,62.43551276012803,67.8468031539285,67.39105308987715,66.44888410120747,69.26723790875445,63.12312987862009,65.39932074530638,71.54026929951712,72.58060344865848,69.50903724442598,69.56092301148841,71.0139203865178,69.50021733867956,72.47376753321849,68.75213958499205,69.85954013960276,68.4184457413395,70.88467341109907,68.14640146712459,69.35069420766514,58.743343590678485,69.92332415927444,69.19588998405538,70.91721178237363,69.04645569858906,57.86916635832242,60.40366989345463,68.35312505328564,65.4877559137068,68.21836848530758,72.9576502491513,68.28753795670428,77.48032105943739,67.06527212323326,68.72134415071821,68.83326731743112,71.80463779523821,61.31607998850849,66.62542967216841,71.91673541015706,66.18724961027003,64.49075907013108,68.04211273164361,66.39329050480694,65.1117268679277,72.21264921655224,69.98698854117767,63.55719484740184,66.37145309491211,66.27177118310392,69.1964928189991,62.978648994775305,72.8786119599589,74.06269420816506,72.02231626630275,67.04345518527599,69.8204609283503,70.64654540426548,61.69101643495246,71.9646814928764,66.7770550106473,70.16628490251071,70.44448711200906,74.03380585095968,68.87891990683825,72.53287687345464,60.69357533013406,74.32975356293622,69.17331114227055,65.46440372195298,57.750740362307944,64.4370512268465,66.71419341353689,68.56595823511915,71.84678084134401,65.45118606320756,68.1824932234392,74.57066549262845,72.45068391068573,67.77521797942374,75.11643678927271,70.1958659318457,64.82081775821337,63.839684420177214,66.95931972073024,64.08247762683322,66.52283448953656,69.44166292069251,72.15058708162442,76.95843266330832,70.02486810653991,72.14027877448328,74.54560354689062,69.37937503015382,69.09645794466519,70.42343540200818,68.34255332749186,67.02539931326643,66.26704510443747,70.92685597465398,74.50311783866474,71.17002421548774,69.68374112439389,67.42241625777325,67.1111147438472,65.13799149839902,73.44861306426733
Papio_hamadryas,72.54944432492076,77.98527957779163,79.05540118750721,81.76580365689995,78.57455461924907,71.29497424892028,0.0,75.48607502954692,75.95054698730387,71.69307288569937,77.72291526354175,74.58981581432484,70.19465559066798,74.66375351844421,66.38320984590267,72.40001172332218,75.02161829869797,72.49535888241155,72.1761425633393,75.74075842038262,80.68652108654776,72.05011686019782,77.2127464847043,78.13554110148789,67.38928074141515,76.6359724672375,76.83443863036472,76.80808511749083,77.07229531141338,74.15120366030047,76.14176845963763,76.63848417168501,70.52809378259924,73.71667911458624,78.06889534732731,81.4874599798832,75.57837839616043,69.27634554732302,72.70516775915436,75.4906106078162,75.14936161759142,74.85330668796911,82.51665562632915,71.57992235206478,76.9201163244083,72.96678739908995,78.47191339946362,72.98441189818602,82.0894386011224,72.44493975362778,74.1649485703487,70.35630389289925,70.14055118841263,72.31028469394869,72.61284496953459,72.29084936526242,74.98429304912302,80.56362852231398,74.14713881167293,69.1846148700569,72.95006852708886,70.47213576105129,67.36913768899996,63.94836278920552,74.11313694232858,63.803354251206635,66.06040789735486,65.07464105122888,71.5041423705955,69.87152313135869,73.04261213780303,78.77815791497858,77.92453441314369,73.45663562876139,81.2074282336838,88.2329080380507,75.05806350468613,79.23532242033173,73.31035636540491,75.33715507322121,71.88151788673808,72.71524412340732,71.77650705168594,77.61479262180919,74.42893297891294,81.36637633428737,76.40788028190002,75.15344919337987,72.51127416845767,80.67553611823502,80.76499201992563,73.28356027719597,77.68778099212724,71.26472506420647,75.51156922931071,74.98045484993501,74.02405248743855,77.22503090760321,74.01272053908022,70.41990442096133,78.61132682339289,81.2532833390201,71.44760494211053,78.10277066402364,78.666570095356,80.19262519845755,71.43384821787828,72.79370834858159,73.78491995445745,74.1746735475248,72.04858521802889,75.1762668246362,78.68432885812875,66.1274369351258,77.3015330101723,72.60255941269348,74.90031206599978,72.38526749023389,75.63931904013756
Cervus_elaphus,78.67118558650316,78.83263687409737,78.07923288858564,86.43167609035035,72.70469971207794,66.47882208813537,75.48607502954692,0.0,80.40887534080036,73.5266388697892,79.22372178478597,66.49063879078514,73.24711615677474,76.96361488616728,75.33574839299746,75.48548704351154,74.44561356232647,78.23151142547012,77.26025186035567,76.63761035400869,81.89856018076566,73.43479173841942,82.72472799016758,82.23982284178607,74.14272839377702,74.68663473599807,76.73160871633115,78.98555172643768,64.00342907510259,79.53254270622628,76.72790909308361,77.05377773161982,70.7996937544763,70.16267328754725,80.03806565420916,82.4032744266716,78.67323735232377,71.00610752912698,74.73506806761026,80.20269782702391,67.79656730900366,79.22333283199602,83.28964235552951,69.31923033898593,82.8248916355372,73.43910113031666,78.9388982361295,70.58052930448014,80.63279699348035,76.34004622111381,63.01818243857938,76.53397690922043,69.55983622718597,75.28703471430066,76.20735729065427,77.56831801607103,79.70912017673788,83.83375436174464,68.16134885014952,72.43641075349134,73.19058955695812,76.60517433260138,74.1775859301913,70.77740941262547,76.63683844035995,71.19525003635403,78.25832114458682,75.77894829967696,78.59942372593017,75.60709970305173,75.67761071637014,81.46688560525766,75.35052447128044,77.34818086694936,79.74450363245529,83.99917625325452,77.59988159075345,82.6612415534396,71.22200263939861,71.28341708520765,67.52161446712127,76.72386335548079,73.57237714225316,74.85701217182279,78.35931843350147,78.4067874164397,78.51784663252356,81.30990132695548,75.9298393003541,77.1727725447953,82.85103002388865,78.88050624437278,84.50905355892539,75.94274958330273,76.64997303808185,77.78735761576452,78.6630340704848,75.74070655866655,70.70247372554083,78.6268859398711,84.15066045420556,85.05454562485804,74.76875763569511,73.59227084346423,84.9661078900273,79.6334305609148,76.68675611113231,74.74792875628464,77.13552809051978,76.75642203670118,79.29488521135153,70.80698969912316,82.01247465347876,74.62150077109393,78.24928671664298,75.93389852704661,66.08605477471605,77.12930632240959,67.86480123806176
Aepyprymnus_rufescens,69.77344362285538,73.37750680985206,70.04713531438802,72.93661372524575,72.09329508030426,69.64522122165441,75.95054698730387,80.40887534080036,0.0,69.42283659317279,73.08535904833843,77.12008493619172,70.05718504014213,69.68567059318165,72.12212178798192,70.56719973613981,74.35840222860955,68.06449286621577,69.57187665648098,74.40578376175827,74.69717372665545,75.74126874237916,72.81207074152299,72.1388614803368,73.80733881427079,79.1707623087916,72.65869904441179,68.9566492842789,75.74092469764904,74.57223127416252,75.61643308829147,68.76749747041863,68.88429275552046,76.87937241591567,74.04884900849123,73.93007236842283,71.65030739454357,70.44477866858568,68.6086119994797,70.51799569473417,78.0574545053835,71.51323514276467,72.16114075351831,80.16581803906162,70.57506607091752,74.63238948833927,68.7903702360408,74.18862062237648,74.19278450126873,69.45883207985844,77.82181314957114,76.28162268487824,73.78326101419535,70.99398533903695,69.05570887563346,68.73234946528078,70.85066058989707,76.27306315073132,78.10352887543824,70.94908066412805,72.4790161778923,71.18579819711407,73.31585144822006,72.00597973388474,77.42738075017998,75.81988468545403,74.9972486361292,72.20454530442463,72.22296135748516,72.66853627955877,68.60077073120667,72.19146667327949,72.61672118944031,71.50313027707878,69.81922230249751,82.12537027955608,72.59848797509184,71.99752833965286,72.57743424075846,78.02990570348246,77.1413969087808,72.46748874415958,68.85728275097755,68.7346861380014,72.1546361606353,76.99148097022558,73.85114898923632,71.16243309888333,69.22448801220662,75.52543002450241,73.11431492614729,67.66571179178702,68.99674380102311,73.36726922688622,74.07818680545061,71.1982799209298,70.60392970943332,73.77377088457825,73.52130790227842,76.23441212721806,73.00689822988171,75.29296311308154,75.11775570499785,77.6283786872006,78.01242798703589,75.51409843369382,74.30615334740622,70.6684097112863,73.15244011697374,74.99806493011603,68.21887870061302,76.02950141388239,71.46788624494673,70.14580821876797,70.46260473516206,71.34044687669339,72.99130805630833,71.21989080727683,77.32353352279617
Vulpes_cana,68.86188669082662,72.29122921145103,75.6401111505125,76.16092288927229,74.81612923358126,62.06987140383124,71.69307288569937,73.5266388697892,69.42283659317279,0.0,75.08411032278838,74.15315872920615,62.37413980918172,67.09405655546522,66.83415093986895,66.34261825207581,66.59976052630694,71.76577228698264,65.29743199345653,70.07599531921846,76.1610306411967,69.88296549240843,75.35754108683024,71.37920395068312,68.53293163106909,73.71253208265215,69.83876596512857,68.1714637911187,71.21090896473376,71.30426935603964,75.63127604238338,71.11875929341859,64.763461745483,72.3828596007806,71.13668676191674,77.9347185876808,68.7797066160241,64.19999984460459,66.05021261208428,72.79410847876906,73.23250745135819,69.20684780005529,76.24449233019448,76.91842465801216,74.6695573506758,70.99716881428708,71.52204694287072,75.76012831113185,76.34413166562365,67.96841775666482,71.43306906957719,72.11979196050422,69.89418483111301,67.42357495394722,65.96785248173546,63.494959208987005,69.83618957853875,73.12282172985599,72.60844008114711,63.82297477457327,66.71568422254413,66.52408254434381,70.3074236810255,65.71920827836371,71.02045279908171,73.44363785999468,74.13169707286039,68.5439826662372,69.56238620056159,71.22424422228505,62.82797653170883,70.7783956998255,71.45567070190476,70.27940489681315,74.06116710840462,85.48156612617368,70.98517112399989,79.11556892185021,65.13857827178052,80.14081617577699,75.13985273458486,71.0570225535407,65.00652687558737,70.22688348733894,69.01155160300561,78.3233943792394,73.1334419925424,68.85208613781595,67.70903331477115,81.31336309149839,76.58988535858293,69.2953677863182,70.86125108049643,71.96771501089779,75.3227410813257,74.24431552966021,68.46518286403403,68.53560950054654,70.3645512168483,67.37804347830082,69.60966003413492,80.26519593826723,72.51983067097393,77.85809985960717,78.98659449145171,73.56084148426174,72.46950673409023,70.58829517641513,68.02826043359144,72.72111029521153,63.11078058321941,73.8513204277113,71.14033048541592,69.817863366466,73.07161274378234,69.79715524722158,69.57774059900962,68.76329288492157,73.04577211565747
Nannospalax_ehrenbergi,76.50712387952919,76.31667550633857,71.55371234938568,73.31340726564767,73.79126541837462,69.91010160016302,77.72291526354175,79.22372178478597,73.08535904833843,75.08411032278838,0.0,70.61530200636716,76.45746211342934,75.71599546626854,77.04425616152885,74.42888691122656,80.97730486746148,67.36356525822558,78.0968433169926,80.82030428326783,70.32816796694851,78.82409814179645,71.12182539511218,78.38799110028,80.09550546982382,81.31761461311069,69.062859346524,74.12176569980589,74.89421345158202,73.69370052185565,73.52506580870647,72.37185943334302,75.64570705052554,79.36547518869097,70.33264861324722,67.71811941838946,75.90294106878001,76.25899920717514,71.99171774934372,71.79981621945278,73.68352318616344,76.46225248521075,66.55444216651311,71.20101051320698,78.92190567135933,72.17124605883782,76.76716659369035,82.90380288366916,69.64809198569716,72.39542866774171,78.47191605332799,77.07195611359319,80.62981723783929,75.58921563844201,77.34727748421973,75.50336255252971,72.4467856515351,73.87780268147232,83.41514487912656,75.36668064836459,78.38954725221132,78.46538943351084,78.33844151900851,79.63475221969574,74.89460308763176,82.35708798511713,78.59567050187144,80.4294022691786,77.57646099842958,78.10840593141005,73.73437497836575,70.0381848743782,68.53543182339624,77.61361839118848,66.07310083265918,79.38903348371738,64.85299414222162,70.8929915901461,79.53526456142866,82.16085968968716,78.60496155540538,77.27203767460493,72.22420950283637,66.71319897032606,78.1478927511819,73.78498017211624,74.8993177292146,69.84838968086918,77.17958826616018,76.39204543199973,70.12819800358932,76.9533965958857,82.39213336445775,79.65421731659703,71.68318081942988,65.72606375966353,78.84813537189432,66.15008601248155,78.34268857164435,74.36962883811101,70.91466576723997,69.83284145475783,82.16146636872921,73.14054455701512,73.706252273565,68.98614178750535,78.6410511905463,77.92676639225422,71.9825883317518,79.1259626099472,76.91658909267392,82.27197904787222,75.46810531267762,81.57625792840071,65.86905115156617,76.82851622117467,77.08192074416986,79.28986107752492,82.91879254826686
Tursiops_truncatus,76.3522223524668,80.94334247816879,72.71446831248359,83.04084581527181,66.77775026250131,68.02837271769852,74.58981581432484,66.49063879078514,77.12008493619172,74.15315872920615,70.61530200636716,0.0,72.84580430292878,75.5962897166939,70.20356587721453,74.09699337874942,76.52762265644958,68.0747851492489,74.20785478634575,72.2441085754457,69.81983562899717,74.50748825085464,74.13021681662823,82.53382985477427,72.30272320649509,76.99873513013158,72.07239195455173,72.41690958814291,66.85158936923216,75.88239182622189,67.9691721939162,73.8680603560944,70.89968315141164,75.45158844923493,71.38009980680371,72.06458796368685,76.5269963405806,69.5563228342103,69.60295748915927,73.59161600300868,67.14367432436482,75.18850165117075,74.54150575528388,68.5348775680871,77.54939648267946,71.6680691723704,78.15008530813806,70.33113667003666,79.24190708920055,72.45715236649198,64.79200164345764,76.87566281540894,71.90188309088866,76.55724095395311,72.9336625345135,74.13323951516527,72.86112474967936,80.64226832800756,71.5992419127279,68.66214331551348,72.84268614081316,74.20572352447144,75.30043551102865,68.84121881116548,74.57130383055694,73.6518472200085,76.91866068523531,74.67725616834755,72.63333903405704,71.74075992461539,73.55239247560034,75.39513843035112,62.39099840964367,73.54598395522947,75.0222697884301,77.13841748382436,64.59278500743818,74.15890806350131,74.02892287291554,77.4586658125057,69.60390162269685,74.48641451599154,70.81388632477989,69.17215232127012,76.00513343714252,69.20238689300203,75.42034645385988,72.59778085489744,77.37593664220663,75.64379160129687,76.45246175960766,75.1659620198307,79.89457951970812,72.99485408866188,66.47609942625574,69.4681426239983,75.81744900470218,68.61098149267835,74.23617716747732,77.3021616812996,76.49079059943712,75.4335177076502,73.9868945874757,61.59497245328129,78.44271918098771,71.09459177947838,74.38842073276538,74.91024218679661,75.1141613253896,73.03304285358104,75.38793724189685,75.86818999102614,78.94701277112914,74.80003370360586,73.03904965624169,78.57085357611282,68.65547307121017,75.4209866213988,70.60671127291404
Eulemur_fulvus,68.33568759933058,71.84466166927434,72.37532481334496,76.08628645745604,73.53207811643955,62.43551276012803,70.19465559066798,73.24711615677474,70.05718504014213,62.37413980918172,76.45746211342934,72.84580430292878,0.0,68.15221079551557,63.82059537163091,65.83191591089063,65.18763876393548,68.609612772107,65.46409693416912,71.74487244581418,79.10858646305255,69.47052960396188,73.0152539263913,71.7556970954538,66.87571336277318,71.52182615933161,71.47375886119904,68.93009553764307,73.07728641401889,66.70871356211173,69.49158939021153,71.5756088520745,62.40289314717379,69.20758960354618,74.52245509992403,78.46743306220066,70.20079968285171,63.34760115552154,65.71673697932943,68.94537596171564,72.47160865324966,67.88129313646544,77.85774540987263,72.592277282289,71.84985419729546,69.32781047060968,68.18726077025003,72.57169991572015,77.09111242968136,65.11280205625972,71.69157273418128,68.42538753098518,67.4262820277389,66.01620865523594,63.662208641418246,63.07006028065953,67.24795892350056,73.96237760029031,70.35689815005767,58.891912092806876,66.22575792715516,64.26059696765138,66.9576758239856,64.30109621248079,69.52079487933042,67.82892584083915,72.79945305151261,68.02874231373289,64.69216103460526,67.19371015577862,62.07713798648725,72.05493328740097,74.29208247081074,70.81262032767108,74.84828530877384,81.27478193929498,73.11331357558714,78.00447180057846,64.94076415952392,73.45507477366137,72.96354979214384,67.19529555109868,64.18284128167643,69.33846058804146,68.79933148644612,76.43501178728644,71.79689843617848,66.64539197031094,62.01085671257953,79.49985959163314,76.09862989888475,68.14239639169848,71.55660454130955,69.55676789360382,70.33654453619964,69.57647715629722,66.04989673753253,71.45495048078212,66.09114669437787,66.66910527506239,74.50821165422606,80.24304461479998,69.2793221729191,74.21296264638568,77.28639782894788,75.46279868419401,64.99995280166405,66.81421724120345,68.6278733058348,70.41767441262374,64.55897029981259,74.54758105776689,71.96841656191084,65.39462684737485,72.4461380152509,68.28357196083216,69.69700658663746,67.20099128400773,72.08638249134953
Capra_nubiana,65.6990104866636,72.53257590128428,73.61515771258365,78.19240489933291,74.19239392540001,67.8468031539285,74.66375351844421,76.96361488616728,69.68567059318165,67.09405655546522,75.71599546626854,75.5962897166939,68.15221079551557,0.0,72.28490370621256,69.87204642446115,69.54335081978502,72.31178845310114,68.54422160040569,70.67317653654773,78.2736051349756,75.11846160448736,75.98685951088032,68.59868561684253,74.65844807995379,77.62969564056115,74.7756109271603,69.7228508568592,73.83482883426527,74.39120278037666,74.14411316511934,71.1120868729276,63.26954209203075,72.77421112920761,75.60892570867202,78.89426988234862,66.8869448560452,67.9667326479384,68.74566293602285,71.23718062745627,73.05440451923016,64.05100993106062,77.72624412034077,77.2103279413897,74.19244635314224,73.3823103210828,69.92418213439078,74.07948602734426,79.77600606078047,68.09358595103275,70.5343779824787,76.4550612415654,71.7684503392941,68.95647567960413,67.12215949808262,64.53140051625397,68.12038947021351,78.35474452499227,73.28956016636079,68.22948265720336,70.39622920595735,69.95235881567989,73.49381711605459,70.86484999531909,76.32546688945669,77.63679762334047,75.9321632087403,74.20592965069076,68.25107958075941,72.69026452408801,68.90112019445175,74.87642198611277,75.8831568286412,73.32959055353965,73.61718776034422,86.088630473418,74.2263517176396,76.18985837448349,70.78086291860807,77.3337870905227,75.469142878816,67.25588757896706,69.34683054653273,73.77009144662564,66.56897023560025,78.30177727018524,76.31500990975138,74.1677837076803,68.1646082100254,76.26421322942397,76.24741433641827,71.91855489046726,77.20179271104071,69.98134371469595,74.89326646097959,71.07699778455918,72.61386885056677,75.13504999746144,66.9537654890798,74.67094822156562,77.56307224348137,78.62370296445987,75.9769070613084,78.5508695956604,79.56085932182589,77.44769927445276,74.6518779854255,73.01967892193687,75.95003464900219,73.78604847261644,62.61850117242461,73.03475268301727,75.61967779020128,71.55093569765894,75.6839455964683,69.63789039477777,71.50328958415383,68.903286011841,77.00258742410401
Cebus_olivaceus,71.79885680170253,74.52806327640774,74.06671232590112,79.77232780751193,72.87587581138042,67.39105308987715,66.38320984590267,75.33574839299746,72.12212178798192,66.83415093986895,77.04425616152885,70.20356587721453,63.82059537163091,72.28490370621256,0.0,70.63058395326475,74.84082117424086,70.7765864959928,71.25596734800463,74.94479442100123,76.91425171272878,70.83099300565789,75.94078629190095,74.47206544857747,61.58767706596992,76.34599306457487,73.79340998606976,73.74799147871471,75.57710300247793,70.75964294255122,75.08882195756361,73.73028881946405,66.73825505279122,73.77755375189876,76.72856153117831,80.16675133060441,73.50811499364958,66.73136833708334,68.33618484158696,72.1521839261056,72.9334817872179,72.71711259724047,80.47399126918646,72.7699202402804,75.58928839100321,69.85122396740188,74.74309734597736,72.06524038292672,79.75441870760535,66.53708364064212,73.12472140337155,65.91874309243312,69.25358937836916,71.08030664085429,68.60295237047502,69.45228583165913,71.54238288843423,77.18283558784391,74.12026683675089,65.0012483343268,71.98800831312005,67.79727705419846,60.98288627623236,60.34636408467876,72.01606475723003,61.688908364630315,65.36725914979885,64.27456456774917,71.44072641737438,64.58205751448044,68.47716465411659,76.55403474473604,74.83351443187753,72.18036476713407,76.47251010642672,83.03164622202924,73.9780407861637,75.5948967109296,68.69270457252115,75.22020508051766,72.6098358552807,71.01050260749285,67.54023773222066,70.73722180714483,72.18419246767988,77.50657364100215,74.85599799733205,70.4300478508129,69.8270667568401,78.32239033794137,79.02171396937314,70.03731356579767,72.96215781885483,70.98421994426816,72.76042207545667,71.61362947075834,70.56954159121352,74.61465081903557,72.93379220106657,66.55024965056573,77.13573928369193,81.03488508579865,66.50814091254306,74.7147981712115,78.2138222959489,76.53024894167106,63.44746647145213,65.29766022080841,70.048630757004,74.19155784621597,69.18032313580285,74.1661066734205,74.02405711680288,61.25304667371603,75.03081443561491,72.02611110576402,72.75602936949865,71.04981057029245,74.08067766682164
Hydrochoerus_hydrochaeris,69.234361604648,65.2793896234052,74.30155495775885,80.81476878044292,77.8444659151927,66.44888410120747,72.40001172332218,75.48548704351154,70.56719973613981,66.34261825207581,74.42888691122656,74.09699337874942,65.83191591089063,69.87204642446115,70.63058395326475,0.0,67.51538606868,71.48441468951613,69.84884181475634,75.83667586880946,76.24554791168289,75.71030884371106,70.37006717573068,72.94088128484478,70.44928240150682,75.2815099506259,74.36896960954878,65.92990725402325,75.05745780261832,67.08412420632607,75.94136914416463,70.97392922133632,69.12099767829741,70.13606363626275,73.47836135426161,78.69159527341886,70.25337513645054,65.71020092452645,70.20348475711967,72.93642705638744,69.57882898598211,68.67499228214854,74.35597509291718,72.01100373991164,75.54433916864612,74.15995702682753,69.37226451373733,73.9632581281119,77.2948626966205,70.12729083666672,72.86266058741342,75.26695331806373,70.80836477767373,71.60725446405505,68.86862587814278,67.90269599182142,71.47486111946247,76.75941799473367,72.70179636704125,65.69451213403224,69.80175006118492,70.33114398148747,71.67954114833549,69.66434572687139,76.1049820038283,69.2094694424953,75.05934927159237,71.30443617214794,63.32587929041368,72.2120510474177,67.8697748265397,73.1435361188332,72.55883397226444,75.74074558717292,73.18210747668829,84.01686151028792,72.39228822062921,73.31905999491059,70.44110329873462,78.3280644867178,75.46334253742528,71.02714348367057,69.03875537436352,70.23682027360383,68.74290662215562,79.5060410382514,69.44986130190932,65.95336108721297,67.19254880012093,76.42722850357339,74.87977626247121,71.02991974426335,71.61415832352075,71.54760128149427,74.04838776023561,69.43574048047373,73.9093054572833,76.9707286894243,72.69754224320796,70.52147796453775,70.56543094481928,79.43924260880189,73.47069505066392,78.69020863495561,79.75803410390736,75.07717747711854,69.17363173270469,71.86965349045272,73.3631967730262,73.16944716856717,68.98953524476744,74.17089780528381,77.07602322415346,74.34012268200789,76.47473753982098,71.51427951384208,72.92483017610728,69.94123283663697,71.15011051918742
Caracal_caracal,74.00545111283148,74.8596603921475,75.20351406473468,79.0864920931389,77.23691993715127,69.26723790875445,75.02161829869797,74.44561356232647,74.35840222860955,66.59976052630694,80.97730486746148,76.52762265644958,65.18763876393548,69.54335081978502,74.84082117424086,67.51538606868,0.0,76.42317634673702,70.56075584286022,73.12524707926077,83.37172955314324,80.57441982521996,73.8556953694532,73.44858285185737,71.4573281107286,69.59266564103734,75.34122809260334,75.28189841891091,78.04566708075419,70.39518358975985,71.46465907744363,75.38961402727506,69.82398200474591,70.4355324912612,77.9350077085789,82.81378510956048,73.8391858538722,70.2460552843099,69.97299898109456,76.06661849230065,74.05427195581827,71.0570290839945,77.62249306868574,77.49842271644587,79.56463400002691,75.31364976607621,72.70616110317539,74.55324553292857,79.08958768944123,73.16739284728371,75.79351030755618,71.97301362876584,76.78654800295119,70.1786507708126,71.00575262834501,67.73284523966579,68.73831835447177,68.90077121906558,73.00274123171502,70.07263410901523,69.66621723668361,72.24028883308404,75.08518254233246,71.57756162595601,74.22677015210762,76.93974119480268,77.99800528186411,77.57771970829562,72.19994087050216,76.49730292020058,67.57889491421955,74.68233836252863,76.90813731978696,73.35970109028816,80.81407476092667,91.94132779884202,75.53882380227776,82.92889914261157,70.45897374189862,82.78288758922122,79.37581357623169,70.3208409997042,71.33674256235489,76.87609288818453,71.97397140903635,85.25774810590437,73.5383010192916,73.08067358552927,68.23317504691137,76.76567909354613,79.24440721046908,72.54541224002384,75.78058008541329,74.83291626557028,76.53641801320073,75.46814196596121,70.56758881818129,77.40924801850147,69.65516257821938,63.991199620428844,72.43796289436344,81.67477987096163,75.58140110977773,79.53180987612666,83.60681363631696,81.06084980760922,75.11142638336553,74.40227462248222,74.70084291132646,71.15057468480731,69.8660601352612,74.27402128047888,76.4393015120422,79.61362724088036,77.34656566579305,75.37399524894126,73.70804171892016,70.84585423625067,74.5364723314165
