119,Addax_nasomaculatus,Dasyprocta_leporina,Chaetophractus_villosus,Artibeus_jamaicensis,Asellia_tridens,Aonyx_cinerea,Papio_hamadryas,Cervus_elaphus,Aepyprymnus_rufescens,Vulpes_cana,Nannospalax_ehrenbergi,Tursiops_truncatus,Eulemur_fulvus,Capra_nubiana,Cebus_olivaceus,Hydrochoerus_hydrochaeris,Caracal_caracal,Carollia_perspicillata,Felis_catus,Sciurus_anomalus,Chaerephon_plicatus,Pan_troglodytes,Chinchilla_lanigera,Axis_axis,Colobus_guereza,Vulpes_vulpes,Erinaceus_concolor,Tupaia_glis,Bos_taurus,Myocastor_coypus,Cynopterus_brachyotis,Octodon_degus,Madoqua_kirkii,Equus_asinus,Eonycteris_spelaea,Eptesicus_fuscus,Dama_dama,Vulpes_zerda,Mustela_putorius,Rousettus_aegyptiacus,Giraffa_camelopardalis,Capra_aegagrus,Acomys_russatus,Gorilla_gorilla,Macropus_giganteus,Chlorocebus_aethiops,Lepus_timidus,Ursus_thibetanus,Hipposideros_armiger,Mellivora_capensis,Equus_caballus,Alouatta_caraya,Homo_sapiens,Hyaena_hyaena,Procavia_capensis,Axis_porcinus,Felis_chaus,Phascolarctos_cinereus,Lama_glama,Lemur_catta,Panthera_pardus,Lycaon_pictus,Macaca_fascicularis,Macaca_nigra,Macaca_silenus,Macaca_leonina,Mandrillus_sphinx,Lophocebus_albigena,Dolichotis_patagonum,Callithrix_pygmaea,Suricata_suricatta,Meriones_tristrami,Miniopterus_schreibersii,Herpestes_ichneumon,Mus_musculus,Myotis_emarginatus,Myotis_myotis,Myotis_vivesi,Nasua_nasua,Equus_hemionus,Pongo_abelii,Oryx_leucoryx,Lutra_lutra,Funambulus_pennantii,Pecari_tajacu,Pipistrellus_kuhlii,Hystrix_indica,Cynomys_ludovicianus,Pteropus_lylei,Oryctolagus_cuniculus,Rattus_norvegicus,Macropus_rufus,Macropus_parryi,Ailurus_fulgens,Rhinolophus_ferrumequinum,Rhinopoma_microphyllum,Felis_margarita,Hemiechinus_auritus,Ovis_aries,Symphalangus_syndactylus,Cavia_porcellus,Acomys_cahirinus,Saimiri_sciureus,Stenella_coeruleoalba,Sturnira_lilium,Tadarida_teniotis,Saguinus_oedipus,Saguinus_imperator,Saguinus_midas,Tapirus_terrestris,Eudorcas_thomsonii,Panthera_tigris,Desmodus_rotundus,Chlorocebus_pygerythrus,Microtus_guentheri,Sus_scrofa,Connochaetes_taurinus,Canis_lupus,Equus_burchellii
Addax_nasomaculatus,0.0,103.47691499878067,99.59684182789499,111.16119863396017,101.91597267201314,91.30998993681727,102.9285239417836,105.55458639581474,100.04670960828918,97.99695514733679,108.64469916904396,103.07377698499334,97.32534581696461,93.60175553906832,100.90812180751846,98.48977612461837,101.23911807950515,101.89542065464295,96.9047565015594,99.81717919556536,109.60612428551478,113.19551815593239,109.42590701000921,93.12424813645626,105.14915636493058,113.73926723645653,103.99089179978085,99.9231498228871,102.4403369066179,105.5578147604449,104.80955916954949,101.73807401606052,94.57127455623365,106.59743503183924,106.90575759292086,115.65412220300533,92.80819423334754,96.52176274330097,95.27735033803523,100.9944079918758,106.66160847549327,94.0513814295265,108.61221218602108,106.90901832294149,102.03736506478316,108.76006335994839,95.93356847306212,101.34968316253119,112.79101317579035,96.34520143505118,102.13159326017748,104.87051777725459,97.78728169600205,95.09441581020165,94.09500408140923,94.67942481734349,95.66752977958582,115.04876584681975,104.36492697399406,94.51759691823182,96.6819500175784,93.43335709282081,103.73467753274424,98.57024010953852,105.20347453989172,107.25472738532048,102.9138449363814,99.55864385977176,96.0257619038357,97.57294658101034,95.58586692462222,106.38692519316095,104.09131140150465,99.22566225197758,99.1467255895979,119.30377307639515,106.47321064814325,107.76629874441561,95.756687447691,109.25880857487348,104.03260960513144,94.71324100241452,93.05809112469916,101.03113383431645,96.16310438102823,112.37750097449496,104.95278392338953,105.57598957349335,102.81388193219016,106.48623989337678,105.57733318587623,98.06235087477762,101.65752601388496,95.76129268728965,99.43053997068964,101.92626092434317,101.04775783581773,109.52469007440877,94.52831851633309,107.36042800140663,105.95228110138439,110.82894041286117,105.90537732260185,108.35231058225432,111.4785283602322,108.81353890837946,101.92999674945993,99.17206497236944,107.27293477410929,107.03089673787532,86.45043997324188,102.81148871648779,109.45880178324848,96.58413780121842,108.4704050574514,94.28821662028591,99.16591643182558,96.98919557939632,105.76558324041605
Dasyprocta_leporina,103.47691499878067,0.0,107.21229093215476,111.47633001690112,112.70485289761655,99.61041062459168,109.55619523328383,110.27282219254201,103.23128197754666,103.2324462248651,104.66469735009605,112.16741052240317,100.74693007852193,101.97051900307864,104.90155417482329,92.49387620540244,105.22291972972133,106.0103001340393,103.17073648759639,112.37573408684068,112.90108755159537,112.79741422955614,102.85103380291204,106.41284504608171,113.33783228952203,107.1188183608052,105.23084289114952,96.66672782404746,107.88549562018545,98.50778418559752,106.68983572307191,101.78046619723472,102.3157169900036,109.2249357327113,103.35033254921099,111.72579517295533,107.33868028301617,99.64726663964707,104.9496234529966,101.10385107734987,105.84415958084465,103.0933877147916,104.82845571969679,114.55232300404097,106.57293538756602,107.38637541882079,94.19352148517176,111.61512514544609,109.33654431671539,102.59164012795173,109.28758910826753,108.71451113444141,111.17468185248921,105.55074629040803,100.54897053894983,98.00840984054878,106.2094389245143,109.67512292216931,109.87875947616713,104.35264068934173,106.54760176217344,105.0085578260689,108.04665458352147,106.47961471991445,111.53558269296053,108.58463299557076,108.93652189594391,108.4365392929067,92.55602549998812,101.58578456370891,103.10772322060033,103.75441759295168,105.97624959831971,110.84232545840824,104.18102394103352,127.03782797496123,106.59688462614116,107.06792402632959,106.63317535625372,111.549642643693,111.53109767272655,104.59781064777737,101.34968299992079,101.95590824947092,106.12684957433831,116.82434161406078,100.34116777426749,97.44508123130932,97.9808615794013,110.42912363681961,106.10369585859102,104.48998271909439,105.80750370471151,107.15229398483848,111.10963811903731,103.32897340107199,107.69755464463145,104.41416860692078,105.4022863792747,107.62402425766001,99.29530508199136,105.78136293460688,109.51002797993627,113.49099384417184,109.95731170974943,108.99626951467448,104.32681685412786,105.98994038234862,104.7494173946468,107.1708283579396,99.70966594036258,107.12576838802175,108.93577478891532,108.5905170197633,108.09297142699654,105.4461231666059,108.02611192395091,104.3832932677662,108.32521813211133
Chaetophractus_villosus,99.59684182789499,107.21229093215476,0.0,107.19486663971094,78.90163737807418,96.67440817452723,109.93055602224521,109.73486818040053,99.56807116369798,105.58312546723495,100.84669650290513,104.8749693125513,100.77146262515514,102.81319485610854,103.5736539077219,103.20444918597352,106.28817142468405,89.27364755132658,102.66115636406384,105.24482899973975,98.37210478725594,109.55156945374921,100.65068635990045,104.56491311965812,114.94780415865233,117.28993110673443,96.7569199325266,103.17493177373919,101.87505041528934,107.19476815560884,108.27924635151012,101.67409424926657,97.13490959248722,114.35789981300596,104.34959130841014,99.07021951175864,104.20677288273127,107.30163816961159,91.98254595648667,98.96633332477968,102.52303371857863,106.41003007266727,102.466956981355,108.0209682758915,104.83628604783435,101.0489546810062,102.47462707117771,113.34792535156032,106.44008432721117,87.12266938299696,108.79851089198407,106.17984825652304,105.48683638772836,101.2777225252511,98.56898142334454,96.7650558588286,100.4425745878585,105.3987160494124,115.23723190117678,98.4500581648933,105.18122766723573,103.43900686545624,106.9944673330994,106.75519354572232,111.65833395291983,111.09104671968389,110.10660629314643,111.35117137690582,106.9991558804543,103.82656175366839,99.46687348754259,101.29358568176569,93.1403249712942,101.67140967451157,89.03768336369865,87.29015231629353,89.90837742876039,93.19873346945408,102.05122448698529,115.73873075169683,106.42970669602362,105.04095563833779,94.62617444429036,86.10384032410218,103.66602786335957,90.17918249676183,108.93640374219723,99.0595357112672,106.30728555931452,107.34130149042508,101.30532818929396,100.06238203467535,111.10958005600385,107.87023264542162,89.64998939708562,91.67373654656495,102.10834116744465,93.13989731785719,102.54354995067055,109.75429101905584,107.35991022336084,103.61177732413691,106.26725102493359,105.23881951308411,109.44554503980945,92.26349245345173,105.9900051248363,97.60113230214877,102.10310551197873,104.89615062326033,100.48576557438588,107.04583077695933,104.8413372744499,109.2421697706134,97.1595356930452,101.9852283922003,96.21985737886565,102.44005063988527,113.83835383139368
Artibeus_jamaicensis,111.16119863396017,111.47633001690112,107.19486663971094,0.0,118.34451834805212,109.88719423261156,114.43982177672042,121.04553877658219,102.43397940913323,106.2335454862193,103.06820005696365,116.94939268946504,106.71951653695442,109.30838316756395,111.40428175170803,110.097532871061,110.09992783579821,98.04675324400638,109.10810049856543,111.8309843518773,106.16002219603953,114.47796279007764,98.6548126508377,110.08939147002873,108.01727820627342,112.91243963073882,103.39671316763724,105.37994675459913,110.01713147146211,109.51234478714069,105.20360215439322,98.45377092928436,104.53489538773297,116.2203014341292,99.81341256975287,106.17941262267554,111.06421920546917,105.28725272805359,103.49653267109711,101.65238599630416,115.10380714760926,108.42916824137387,108.06794315051964,109.7069026490895,115.22095788174082,105.06599515098877,104.45497145924453,119.92295110567274,106.03891501558341,107.33434060197985,112.88570230260461,105.63518788487872,114.66106047913044,105.29250330903017,107.78347744609462,99.08762183501332,101.87898667545863,105.55686195060534,120.24358147930904,109.5544375411649,110.38626514925414,111.41697843074068,112.67118265541957,113.10938985846998,115.1632656721027,113.92812438874876,109.56440872634697,111.51948119461102,109.10712808179275,109.44572759565824,105.34110010501482,103.06000013282646,102.81872642912492,111.12024206324226,107.18665376249876,126.05934198069461,100.63207424040476,113.07550956449961,113.01430212664938,116.74791680513084,116.79272014679471,108.7855799141568,106.66093549403404,100.11804596731422,109.53533008827071,119.27734561133866,111.67613016096435,96.76951224720528,104.77887083766888,109.19074984934089,104.12196299669797,108.86000678177054,109.58063280420421,119.274500361548,113.68982471221122,97.7957642124848,107.39167933827986,106.17883256773811,113.06072663758678,105.54390463528992,103.46666627135771,100.13443608448426,115.55237331829176,118.75790337084548,93.89764075048578,108.78423900044655,110.86909401589973,109.54733404211123,103.94326601614176,114.45374478602878,109.29901267458784,118.04422805717635,103.49258806594378,117.0659508093255,99.04870786224514,106.65726585198732,107.62488718771218,107.93365658192964,108.77936707804969
Asellia_tridens,101.91597267201314,112.70485289761655,78.90163737807418,118.34451834805212,0.0,89.28350542648813,111.29080379693758,104.33997145611383,101.95475688415337,104.08907999325834,104.05161964902786,95.16203534853678,101.506985982753,105.69821003842799,102.35595701340162,106.97749599500781,108.32100917974316,89.1268692210311,105.0991840820971,105.24538303543954,96.84668518412582,110.17119725171975,102.49975303603048,109.95282258082368,115.6655289207819,117.4786527384709,100.39424373351973,102.00709912021162,97.30975057786841,111.8711370280896,108.85797659950548,102.67253608927777,97.47495799425135,118.88833140106874,107.86384329383299,96.088384204107,107.27387742095819,104.88476123635559,90.97978516273935,102.57240610835683,99.4579176130163,106.9595856167035,107.72650509991999,101.5154689343788,112.81342837629106,100.39635115658348,100.32386190786724,102.67541539177105,110.09273306867958,88.56848919982727,104.4901956271562,108.71937558874933,105.15124364229939,106.24346542609258,99.56333805218017,103.04713586437828,104.13165508448597,110.35597918478044,110.6023846488623,99.59105804810314,106.35038482319142,107.47847369338031,109.91214638483358,105.27099922923297,109.79241721861344,110.18701459729495,111.39625693412955,108.42845108577498,103.91749457012938,104.83851375948049,100.15954983054469,106.3233686220598,86.18689881733579,103.34405116821195,99.68324011877684,73.95290330103055,93.29534088902531,94.94223649781603,100.31383690775755,116.86150802630888,102.6262571135696,103.2110070653191,92.58568214496552,87.760800984467,105.6305316439315,77.39550145262228,110.33680651789872,100.95960316959786,115.94716215037354,106.48596932156283,107.25224195974995,103.6067696201683,112.09742251850392,109.79453466486171,82.79803906944505,93.4695414026345,107.03496549756932,97.35178097481523,101.34180235713379,107.64942711413552,112.39438189834776,109.5760220281294,107.14071032298669,97.10855400762313,113.29099231382446,90.66376252073016,108.02897327982772,97.46851763491662,106.63462660234327,105.83580252206254,105.78980246350136,98.20567541353694,102.99056332236859,107.55598685482121,100.90126381242494,107.2334277962272,96.57208946157056,106.92892029940306,116.70274160140546
Aonyx_cinerea,91.30998993681727,99.61041062459168,96.67440817452723,109.88719423261156,89.28350542648813,0.0,102.21249082564238,92.90740699417594,98.96202114980122,88.9301633771044,99.58365636869775,95.70076043585433,88.31055415609626,96.54509599439379,92.9227806643175,94.1605080929387,98.56952652886437,89.92211389855844,93.44807101081791,101.15975901199914,100.50511450315281,96.73716910057018,98.06365576009838,100.52322850863001,99.86151502469639,101.53385106278697,96.07011889690739,99.76330135596545,93.03087722057509,99.47762193948674,96.47881873019006,97.08252718312163,82.7934474039251,98.34882021915023,98.44228155060279,100.69708358190891,97.73327567582457,82.29765342495331,86.17596393219408,96.03192060299145,90.7946213452031,97.31299394635191,101.84224554975395,96.77608449252989,109.31449465123806,94.45028888921614,95.95178562530907,97.54888974913135,101.72746016185624,86.3299809491549,94.16493091973058,100.96598378230117,94.32176903405396,91.97063949772968,96.50668841296441,94.26048032677255,93.2249289973984,99.97262319903338,99.2589711280352,90.4517029824838,94.33294179435921,94.79568143164381,98.01817908744171,90.48104241185189,98.29268267041184,94.05716436003215,104.0993281278701,95.01701072001399,98.62570176739221,98.54120602089017,87.50671663465228,100.40577434930739,94.62263026552712,101.19981692215813,97.88573141785838,103.84829441695983,97.45106807229737,101.45575839157344,86.7638361503507,106.28419831080589,98.32836796207607,92.2274782970585,81.81930385570752,89.78265002699106,94.45730787742913,97.41840587656502,101.07565270593034,93.03308553955395,98.27736471475018,106.97590632359845,101.65750940500344,96.64844313264365,107.67238845456444,98.45127669504785,89.74750188198075,90.61090366907925,95.47466248400538,89.62187681385406,93.48056544892738,96.81661008479165,101.66687159109657,107.1797063407767,99.54735061076417,100.59040564600676,105.00446859339931,97.48235215468733,97.22524860685664,97.06261550456367,97.54050217530656,90.22551561882115,93.45182087118522,99.97907686040651,105.00682401261545,99.78246483968513,98.82551200269626,95.14348177970211,95.03543843181305,93.23684022902984,101.5136872375189
Papio_hamadryas,102.9285239417836,109.55619523328383,109.93055602224521,114.43982177672042,111.29080379693758,102.21249082564238,0.0,106.6435972193085,107.19025925460775,101.69197770030625,110.41646053842581,104.70050262911393,99.52916296384308,104.10884821822512,95.01487110441475,103.3300735388211,104.15531743055563,102.49283213910883,102.32854828153972,108.81503944687248,112.61544263080809,100.19456561636035,109.12952901809638,110.35781008382304,95.53865402554969,106.72303056145445,107.7436660333165,107.2448950131663,107.39644884584436,105.09690076846796,106.76481617700355,107.11870224038634,100.63224833410854,103.21451641289494,109.72314805671337,114.61393169902709,104.97552733311443,98.2740400736557,103.58844167553734,106.66338224927877,105.92918289548875,104.98302273798656,117.11322440519282,100.5465650499741,108.92715386544012,103.79381402199472,109.4921886424946,103.04371569304234,115.38064809869134,102.72005669195505,103.91174570156002,98.97308302361387,99.91029550405202,102.21235941187734,102.26989836245014,104.03415051260792,103.69815561624087,113.82522818860491,104.42683627942895,98.1238905940684,102.0375001878227,99.82749749769114,95.57187191753263,91.17346638332768,104.21159600271262,91.43628770382817,93.96928848535018,91.86834810527522,101.02795171199129,98.87460555880449,103.33578483324796,110.9604113593931,110.73887141836516,105.3095349186804,112.93529101567944,125.24215253894015,105.20307383585084,112.33170736512712,103.44227742501846,106.94876976414034,100.41429264419094,103.17117306151691,102.00021027694311,109.94325397739223,105.29712662093465,115.32562844354777,107.14700960355731,105.28678561235249,102.78415781168258,110.5754310899496,113.1393952573189,103.26371341052301,108.50328606762223,101.86415746343232,106.82928157447893,105.92343219130143,105.17396275567795,107.05240161169972,103.05087063090927,100.10624575640914,112.753116476992,114.2880442471464,101.10140406110574,109.54272303789824,108.7174296146095,112.6184358207048,101.20463138679682,103.586336315473,104.36811935379747,104.78124387505117,102.23651698008493,105.16673423188743,111.58494668887573,94.71337856966117,108.35264422553864,102.95454669901812,104.30408043314273,102.4690840096223,106.89044606427817
Cervus_elaphus,105.55458639581474,110.27282219254201,109.73486818040053,121.04553877658219,104.33997145611383,92.90740699417594,106.6435972193085,0.0,112.86776909676932,102.88805360266953,112.78438841142327,94.60701521367932,102.92484308340244,106.19695603132081,104.30432569002987,106.47090632042702,105.31123874099026,107.97815022250072,107.58735677925965,108.26140765308433,115.97802045773669,103.28359380762404,114.73783159121953,114.47463159444536,105.871505753293,105.90375789754266,108.76867499152134,106.24512034173006,91.00177697066053,111.45678363831613,108.9178546383541,108.5884143017766,98.5443750167266,98.08583050675253,111.11786971085348,115.96385533099576,108.6285586236559,100.0270351137876,105.82242405141352,113.84591964121367,95.06018918689595,108.73779972404445,116.5629437882032,97.02762009038578,115.58487656046414,101.14669073074464,109.61516986414787,97.37917967802653,111.75741053326402,107.61785914630738,89.19075072771734,108.39547512176136,97.42838784917475,105.79815273713596,105.37452305144767,108.28354431646365,107.4877741485814,117.79364039951469,95.4755368075619,101.52767344250306,102.3664592768981,106.9732998175508,104.83565366849055,99.08464477869965,106.17598142518949,98.64882245652461,109.5866825075883,105.06189932967658,105.51035655658981,105.04801477252853,105.68935090834282,112.59058015414023,106.64009486862628,109.68986474474127,111.40215657471096,119.12375812829572,108.92244547582484,116.14228084117157,99.50196982368709,100.90625510439735,94.86289948810024,105.79320290702469,103.88902440171391,106.26588800279706,109.31296825730209,110.50148485749665,111.09801469174508,111.4688178712925,105.97549158709647,108.3326093440904,115.37260379314354,110.94536117945756,118.23910257875474,106.36299343402649,106.70625335769878,109.98779879188962,110.4214484603313,106.14495728872521,98.98853474648732,109.43898543823926,117.75756340240392,118.98422335456496,102.48624210988538,102.99724742774515,118.83334317422728,112.62785896378666,104.9113793269945,107.93780230021204,107.4241792684125,104.70854013996856,111.62413374081649,98.78518486433674,113.7153194557087,107.05633145526781,108.96792145058276,107.97017868047529,92.47882383319924,107.2414695236489,96.50471368678984
Aepyprymnus_rufescens,100.04670960828918,103.23128197754666,99.56807116369798,102.43397940913323,101.95475688415337,98.96202114980122,107.19025925460775,112.86776909676932,0.0,97.89739085778541,102.10000720602818,105.07529588217899,98.69618043965416,98.50858944459667,102.12612876783311,99.73464115973584,101.83301376141588,96.65791350997665,98.57870082673186,103.20275316848267,104.67696007225706,107.40824578170827,103.2177148352267,102.03850224642424,104.12947710363528,111.24315395666234,101.40043711770892,96.03358703462993,108.35908883266558,108.18679982568557,106.0255772166455,96.1485163921115,96.83872773384452,108.65982878511205,103.68222288001847,104.55402576272644,101.59323074995926,98.77979750891453,96.92059166746594,99.3182657415571,108.6766420601673,101.38268412796504,100.54152837465712,110.84885834416454,100.15448153164674,106.98592592944337,96.91331131371194,103.33580676280273,103.24969250101594,97.6287334346157,108.78614394591209,105.52814396497624,104.22718242593923,99.07797189405355,97.76293934264984,96.91895951810811,100.77136212457708,108.43757251737843,111.81711757435582,100.10006080569696,102.7621734638457,100.99909282945443,103.4968010518013,102.40874679187414,107.1471448003238,104.36114175426333,105.4446308676255,103.01409457989195,101.05679282684022,105.81306146517325,97.54775627339151,101.45082850466363,102.78120431030933,101.12451152143959,97.93132806448064,116.2952469836922,101.88699446694571,100.70894429017766,101.64419445925533,108.23547291099693,107.1713715025454,102.30211614854129,98.51559709923977,97.23668853958607,101.76061464375378,109.9425082023412,104.56534881696273,100.6574697048835,97.74569745566573,107.26349624158576,103.05311991570785,96.54629879378082,98.27728498324278,103.43884286721973,105.84575644443782,99.18497912554757,99.84441188962961,102.60977229802353,102.20628877657339,107.44699722766485,104.51038203803878,104.65499697861874,106.11964732817296,110.84748964316731,108.48386439906909,105.31243432203553,105.44702548345654,100.51339209894182,102.68837048017186,103.62236326244135,96.18285079770155,106.44824360075037,101.75924585465452,101.00803172028009,100.04929072418007,102.4007557031527,105.24490342835153,100.49975453962725,110.42517270871198
Vulpes_cana,97.99695514733679,103.2324462248651,105.58312546723495,106.2335454862193,104.08907999325834,88.9301633771044,101.69197770030625,102.88805360266953,97.89739085778541,0.0,105.43521332032236,104.69599259033109,88.40308036899297,94.83708773170271,92.66334629355731,96.14663012559453,95.94994511141955,98.60232864501525,92.29869121847287,101.7406864874684,108.69614135947474,98.33002503176097,105.82371596249237,101.30972034503259,97.35465433953664,101.70152143898471,98.25391315103674,94.51675056631541,99.83265592538089,99.06089080333086,102.02496756323596,99.48584468866966,93.5527266060299,101.25226128807984,100.29527024599832,108.90002367497095,98.33068571426423,90.63589606635983,93.45239707041429,101.6849624859011,102.02317198443649,96.61560556610038,106.8569090360864,106.57891410871946,103.85305508629118,100.05446697403504,101.55715186085541,102.08190987870205,109.37095718325443,96.4921051868714,101.00433197117758,100.23939801157599,98.64088515474788,96.13745350096889,93.57910636579575,91.13346490840681,98.40704174111758,103.57185736324875,101.40049379025271,90.70518684149557,92.27496615429399,93.85650594764344,99.15629614547383,91.96915562395246,100.18927560363372,104.04013170685457,104.82207004808973,97.88913307711563,96.71590120856231,98.29251761661878,89.13532278827014,98.8010625276017,103.22178617585483,99.95285079387962,103.64443990836546,123.33063495618114,99.84270266759748,112.64633627421983,91.62414841967575,108.07817467702222,106.58073517369462,100.12593242423456,92.4390609782735,98.46402835431314,97.55253024060981,111.71638497563973,102.14624321263908,95.89496653022007,95.59721827334621,109.47752447851683,107.33443557454855,97.82899521806786,99.45072088000916,99.27268144101932,106.7029897006917,103.36981861122672,97.3614372888894,96.38047211186132,98.58879510721118,95.26336933726043,97.92571173623138,110.4553171147844,102.31274668050352,110.6422087161894,111.06308713637002,104.03515243345151,100.58198065519333,98.60622417863095,96.91843415240697,102.63686960615766,90.60154988032306,100.99650294335473,100.29214042529034,96.18977217421912,102.6333518987578,98.16905419509739,96.89068396818367,96.50630456514192,103.25171884948003
Nannospalax_ehrenbergi,108.64469916904396,104.66469735009605,100.84669650290513,103.06820005696365,104.05161964902786,99.58365636869775,110.41646053842581,112.78438841142327,102.10000720602818,105.43521332032236,0.0,98.6877414361,107.98644229922371,106.39527870535036,107.74129000720087,103.89097855784888,112.23397991510355,94.69531115047079,109.37131124485036,111.73173682001283,97.36410409599472,110.48419222917627,99.83308277559377,111.76907606667379,110.57885759166936,113.65577947406341,97.88671912449506,103.47370995857794,108.83633341802854,102.65512189130885,103.55418599315223,100.1997543703196,107.57913512489145,113.8274756877536,99.27294169054929,94.9413087292024,106.21859463939772,106.33755999787053,102.0159339193609,100.27444436351857,104.20406259080028,106.90699320088045,94.45623759731143,103.94867337928477,110.48727542007512,104.28115672186594,107.32186786736445,115.09620868503936,98.84155402471154,103.12359127586586,110.32944174428553,108.53514142896499,111.81076696321945,105.6045035050052,108.21878689306041,105.41975088074372,102.44904712818627,103.00856749551085,118.26232093810198,105.81618380751524,109.21272208600195,111.01443674680007,109.86645153991239,111.27778688460805,106.95291572509717,116.48536977623047,109.3496060701089,111.26741807241191,109.36658628104237,111.91743389517006,103.65206659172645,98.06298864928479,96.22754511743776,109.55327030302746,93.90611000806801,112.98690665158081,89.975964509791,97.52446971782624,109.19794553509631,117.51800838236906,110.03708760556741,108.6105325500575,101.93084881667521,93.89037775477841,108.62194496156803,103.52882695016868,104.2774592736298,97.94458492709606,107.73766792446452,107.80681731345317,98.90686235506116,107.50098289251302,116.63078538769602,113.23743588911964,101.10820309635898,92.56134971040034,109.08613056195338,94.0811436902971,106.38327850219926,108.66594313196278,100.1259731662914,97.7204117553512,114.31035736163378,102.34335288675425,103.56857907296266,97.11274078550971,110.60032084859319,109.93119686695918,100.75822007602795,112.2747384578985,106.75362021493996,114.49321387268436,106.17454675242081,114.93645499492851,94.51143149873184,108.5908589784406,108.62151922215858,110.38237902652402,117.08544341171884
Tursiops_truncatus,103.07377698499334,112.16741052240317,104.8749693125513,116.94939268946504,95.16203534853678,95.70076043585433,104.70050262911393,94.60701521367932,105.07529588217899,104.69599259033109,98.6877414361,0.0,101.77819059264111,105.12126782656446,99.25212226281018,102.33925186098391,106.25430360101831,97.74720243087211,104.59866831744442,103.54402018582442,96.89734603732727,106.22321428741843,102.53786913672872,112.21155537620953,102.11405531061844,106.64572759869316,98.62282552305362,103.46866363898592,95.04638794680113,107.30972966434628,102.45920684996226,101.80540228165094,99.45871846873575,106.32629048932378,103.01098206479914,99.64506330834834,108.25278734435074,98.15034792404808,97.61548163447478,103.450599915348,94.10341868797623,105.2460791363571,105.14111063714711,95.87387168438289,107.221489292642,100.21088946387994,105.57868613983479,99.59990089247057,109.8037416427281,102.00004019667813,91.09704951419558,105.97594653424233,100.61458021693863,109.86360421449706,101.84944770676208,102.02473644774636,103.61722843869249,111.57317858635946,101.22689441061812,95.65925963202109,103.65163135209681,105.16917519830837,104.4421003871214,98.34603848601168,103.24014550746021,106.08464336276437,108.36787033165736,104.39281028215073,102.63940662839684,101.42173762548306,102.74876435674109,105.30552514962054,87.7012915023629,102.45722787297534,103.20508347892937,109.60718262834928,91.76417020470558,102.90579006731022,105.45555576937956,113.12805840718502,97.60901821682664,104.87677788960347,98.58634852438274,97.6743866096836,107.15106162780907,97.40665240209016,104.51643230167446,103.86071030410692,110.84947882739316,105.04650248307766,108.54612216784663,105.13476775867599,111.36171572406222,104.39752490318384,93.12150328250803,96.38275130834481,105.59377238935366,94.21207207392987,99.17669148354591,112.57988972204024,107.42379146837578,104.85086352393762,104.47144860232065,87.88714810635466,107.00688676513118,100.38677559387345,103.84793819358673,106.3495161057588,104.2360658271601,100.18098683184684,104.43851840711864,103.78123201574942,110.71352623484236,107.8199983135774,101.22598597398448,106.69589898508204,94.92469506133781,107.30891503498067,98.61759330948121
Eulemur_fulvus,97.32534581696461,100.74693007852193,100.77146262515514,106.71951653695442,101.506985982753,88.31055415609626,99.52916296384308,102.92484308340244,98.69618043965416,88.40308036899297,107.98644229922371,101.77819059264111,0.0,95.73535908202294,90.03675503133621,91.80124076721505,92.05850383906647,97.57875094630825,92.99984717061307,99.82781483023363,111.25172723385856,99.91434891408994,103.05814580034428,101.62013021209172,94.97699876238049,101.05558037281696,100.13434110527372,95.52882278875984,102.22873079715363,95.63828498350087,98.00377547489377,98.5119018000337,88.48455660504133,106.15189456159293,103.5672341619016,109.5521274846121,98.41676330266301,89.70926107400658,92.61057394146349,97.1822701850841,101.3733431965441,95.91708142809256,107.9032247731429,100.90566074127737,100.84412081627809,97.44492336352648,96.56804019695483,101.25042280795337,107.75560319744272,92.01925584072383,100.17065493463613,95.87953599192589,96.08960382383133,92.64802569855783,90.35637590024899,90.27436473776726,95.32618609859018,104.53969700936462,98.35080717569267,82.8213838411684,93.49204176040394,91.7231205720448,94.6803282363062,90.98592348434266,97.62850959909406,94.35986578749032,100.95286359755269,95.30476178458554,91.33865694823787,94.85214199198474,87.85082395212298,101.71494333687122,102.84667573567589,100.4988545392244,103.75687047716372,114.75308972014436,101.39869706401551,108.02595363483228,91.98130447501312,104.27847188672551,101.63669460276883,95.05488912140616,90.57082081447709,96.93801398912949,96.9501196595281,108.58444856035791,100.52919102130531,94.07520525659815,88.395852601613,109.73968552672928,106.13966325490769,96.4352101502219,100.7001244505861,98.31448540767781,98.7752086334768,99.10862455801288,93.6006119787603,100.12347655925869,93.2028817114208,93.11984850517472,101.97956694246061,111.47102997849437,97.6061520306,104.98689769172361,106.26701015342367,105.1908183261707,92.08541256952921,94.32723347018876,95.00334162910907,98.64384470336692,90.44807106011648,101.17333095519768,101.5573204545536,92.75284117682388,100.99275571455404,95.76656525885141,97.71865749786612,95.49119940811693,99.52271305342204
Capra_nubiana,93.60175553906832,101.97051900307864,102.81319485610854,109.30838316756395,105.69821003842799,96.54509599439379,104.10884821822512,106.19695603132081,98.50858944459667,94.83708773170271,106.39527870535036,105.12126782656446,95.73535908202294,0.0,101.02360930894845,98.71672103218827,97.8947125954201,101.84017732722023,96.98461881816219,98.31245249275594,110.15686957423588,106.06094287054722,107.20506194828545,97.02604357444272,105.85358341336268,106.53137139599757,104.6206069752659,98.37745184281525,102.93516981431134,105.32858344165993,102.8052725619593,99.55149738777824,90.08590714197324,98.97537035028327,105.33888618843402,110.63074140745935,94.54816252572603,94.97215364943004,97.8761089616288,99.92719937624325,101.82344403848526,90.6230580656822,108.68377762516198,105.94876483474526,104.54539005166468,103.70653327360031,98.5633359738485,102.75824199391221,111.02649521784504,96.08640001684677,98.01494552070504,107.41749859557497,100.69507259657591,96.73739584612595,95.07848998447577,91.42561043697978,95.60176396288222,110.03848345432522,101.96640531045134,96.48130244007902,98.81151369364906,98.64888212896291,103.22802392568754,98.88996940756252,106.1797586569224,105.32797880166493,105.8716198230521,104.03936421865887,96.35042292134358,101.77924011152939,97.20074952288665,106.75197176743023,107.39772328231004,103.77029706912231,104.3310530285872,123.65553937154861,103.74716833871642,109.03759787294044,99.59273277545283,107.9892204606137,104.80160758656211,94.79914239809962,98.39376991294368,103.78196119970967,93.6314296756116,111.93979274698627,106.81467855033446,103.76231143380275,96.23717297161213,106.55714893696855,107.34802110918191,101.60699175176815,107.43683601508783,99.14072490882128,105.4136757691029,100.21988645974434,101.5448582380836,103.86375747293813,94.77537237786925,104.54265371114164,109.19060825680717,109.90410266725631,106.54941776953274,112.83960535057282,111.58795743285853,109.85614087480135,105.3086207006564,102.4441451606667,106.87225626250256,103.94406238216106,88.59731809536287,100.69190078725869,106.69259701532518,100.47918487369483,105.72987413733188,97.64533643787743,98.77664039771233,97.04706745262735,104.66206211812286
Cebus_olivaceus,100.90812180751846,104.90155417482329,103.5736539077219,111.40428175170803,102.35595701340162,92.9227806643175,95.01487110441475,104.30432569002987,102.12612876783311,92.66334629355731,107.74129000720087,99.25212226281018,90.03675503133621,101.02360930894845,0.0,99.28913603390657,103.35371174060118,100.59240136487605,100.43357238626852,103.87848555644285,108.84114561021977,96.95796949772937,107.0335978995901,106.07765672838528,88.25357075710626,105.26020336348599,103.35254242352512,105.77231638495057,105.38306469804574,100.68571771191303,104.67238240021165,104.38394265149172,94.92235982959687,103.03008820536287,107.5106641079077,112.09010166848176,104.09379742842326,93.5174650040425,96.0372989785606,102.13018281447079,101.53794345977893,103.0816019681185,114.43647515881521,100.97063001081703,107.45132150385999,96.77305644536644,105.47187242377008,101.31773116078148,111.7225952925102,94.7497271105258,102.58300038031271,93.10495817315254,97.08804052722533,101.27966727835455,96.11642617293677,97.58719605609285,99.49814715817543,107.8398476029801,101.93317946220711,90.97427234004826,100.75537334274107,95.62349239544629,87.38986678256423,85.96832113607799,97.63807116105903,88.44779097135944,93.28245495791566,91.05143934091048,100.40706285768972,92.47842176222422,96.14359952980354,108.44067550712789,104.36279532145937,102.3354536561745,108.84318389335,118.3334716751574,102.5273024730717,107.8820360156656,96.34897805568978,106.36713295962727,100.46110537558762,100.45866865113538,94.77390940916206,99.2482460047623,101.067263287582,108.60944849601759,105.29604304923862,97.84012612314297,97.12398507346559,108.03990529586758,110.97986879961168,99.59023581164048,102.51738910023732,100.17883355950757,103.88243484479256,100.80370327347191,99.63922277704037,106.18999289465773,101.38626755215023,93.97766136750737,108.5112965608592,114.91400841570855,95.31821184908647,106.45544781263138,104.83822286834724,107.13048429060376,89.8571197769928,93.45769710671712,97.66404728727116,104.64152713854078,96.97998150131338,104.1143623710537,103.24976155872952,88.02027144924615,105.75671356595815,99.77937589632411,103.88399943696066,100.14988058239642,103.02946690848277
Hydrochoerus_hydrochaeris,98.48977612461837,92.49387620540244,103.20444918597352,110.097532871061,106.97749599500781,94.1605080929387,103.3300735388211,106.47090632042702,99.73464115973584,96.14663012559453,103.89097855784888,102.33925186098391,91.80124076721505,98.71672103218827,99.28913603390657,0.0,95.76483119350097,105.05670403781482,100.011172391078,111.13046758176765,106.17896506887867,102.88330178889099,100.51549745614557,103.72282574695075,99.92771902570908,107.16989359839877,105.43990301472031,92.72684252070428,106.11698233618081,94.77089071614182,107.76062690261648,99.36071944522327,96.86508872229167,99.92364794111998,102.77797929367605,108.41188852672983,101.0372767843043,92.3779007691223,98.84542215986154,104.24741383586868,97.85046948537725,97.41351437070254,105.64025276562657,102.14364911452186,107.41653251848166,103.96605155614877,99.75081228971658,101.3751436741149,109.317967105663,99.52691259362713,102.56286784184468,105.23875842702911,99.20307652040978,102.08326993972987,98.59924546463103,96.523158860477,101.05487713859834,109.35338250420092,103.65721294658883,92.73151280213628,99.57039991083323,99.13520034799178,101.53943223488778,98.42374775070743,107.9599276322723,97.90293506343474,106.60650575151013,101.47658336900776,89.85978502069446,99.99483294298577,96.45182396931966,103.04786289680618,103.10869541614109,108.8512216979747,104.36925081805123,119.12845351061337,98.90013475661937,103.57977322723451,100.60812103204164,111.53213408808232,105.33447431908887,100.115042810395,98.4150889593456,99.69543127241678,97.93387639178235,108.95797504819289,98.25621970963721,93.0126489579024,94.98971924836245,106.26205122565715,105.72328892163434,100.52411059852204,102.06633260598372,102.0793302160986,105.40289211116513,99.46895898824087,104.27267300893853,105.99044468321618,100.99673173651328,100.22211994488173,97.8210185927722,114.22842697299424,104.05295464297346,104.39736994463331,111.86778347180683,106.90382434672298,96.98602042061671,102.37971246316644,102.09124960175802,106.77330890731822,96.78535255290481,105.09522421720455,106.75006539096793,105.28924036892496,107.86706172023726,101.10063677023314,96.08782255090293,100.1615859053022,102.83754952598873
Caracal_caracal,101.23911807950515,105.22291972972133,106.28817142468405,110.09992783579821,108.32100917974316,98.56952652886437,104.15531743055563,105.31123874099026,101.83301376141588,95.94994511141955,112.23397991510355,106.25430360101831,92.05850383906647,97.8947125954201,103.35371174060118,95.76483119350097,0.0,106.11332743007245,98.56464131524405,102.27228984890331,117.14054692090362,111.6468208282817,104.86143546700607,103.93746533301004,101.01281054596475,96.29376617649255,106.47467236028588,103.21096753504621,106.97245202114257,99.90222704345042,99.14522715894915,104.75383209483027,97.65275894718704,98.17810185742732,108.26168823106585,116.64501054166469,103.18334325964014,97.05837629818052,97.81603609877578,105.39243949707733,102.22798747183447,100.7658981488038,109.24853458508647,106.57820537160913,110.0054302243608,103.48043043968184,101.49487705217766,100.35363139591507,112.14785923484055,100.6219089040793,104.05231983914622,99.6794870708998,104.3861397505478,98.36579928148248,100.16341828519725,96.81111245846728,98.01659484419146,99.05877031442884,100.21823785077859,97.41888265737967,97.09794892704976,101.23702388498145,105.3436324654279,99.7722825719964,104.70587251238024,106.22706042472754,109.5154166505663,107.18675846771976,101.27740422058051,108.83593948686809,95.70505290108758,106.35727483021734,107.81074552023388,103.5750573770692,112.64172563861707,130.74745856980246,105.80715791676766,116.27537348629875,99.0583861466293,112.58617871168951,109.58490267022216,98.4524417564628,100.68436155045674,110.62153669427148,101.25385941450293,117.93251855617757,104.05666719715794,101.7622638280344,95.94824933809753,111.33933091318417,111.01878859833636,101.94791004391497,105.38231447364015,104.97989214914617,109.98716320914721,104.35699206620878,99.66591570885325,106.51285797589512,97.96987492206678,90.55688408122876,103.04843875025801,115.23310822726543,105.85876315197336,114.78081927530805,116.35324520354294,114.24521986580577,105.51467032043693,108.34132575094664,106.46081005997192,95.21505724909959,98.57768769170215,101.24404167883911,106.53979750074245,108.08097987327218,107.30692215038434,106.30341673940733,101.45535214372512,99.21799362621461,101.13567266349435
